camera_matrix:
- - 490.85116885840836
  - 0.0
  - 535.2960404971705
- - 0.0
  - 507.3850028750929
  - 312.8467770304556
- - 0.0
  - 0.0
  - 1.0
distortion_coefficients:
- 140.7714801253207
- 221.91651299567826
- 0.0713893073046025
- 0.01939525484131475
- 5548.412058989083
- 119.3613020438373
- 232.4963506612995
- 4562.131433603662
- 0.0
- 0.0
- 0.0
- 0.0
- 0.0
- 0.0
image_size:
- 950
- 565
rms_reprojection_error_pixels: 0.27374371960034244
